y = -0.10143*x**2 + 0.70007*x + 0.4014

y = -0.45487*x**2 - 0.01894*x + 1.00101

y = -0.49093*x**2 + 1.54359*x - 0.21337

y = 0.75*x**2 + 0.92*x + 1.002

